-0.298 -0.201 -0.050		-0.309 -0.182 -0.066
-0.298 -0.201 -0.050		-0.283 -0.224 -0.050
-0.298 -0.201 -0.050		-0.293 -0.180 -0.000
-0.298 -0.201 -0.050		-0.288 -0.212 -0.096
-0.298 -0.201 -0.050		-0.338 -0.091 -0.090
-0.298 -0.201 -0.050		-0.216 -0.289 -0.018
-0.298 -0.201 -0.050		-0.341 -0.214 -0.012
-0.309 -0.182 -0.066		-0.309 -0.178 -0.084
-0.309 -0.182 -0.066		-0.356 -0.196 -0.025
-0.283 -0.224 -0.050		-0.274 -0.235 -0.064
-0.283 -0.224 -0.050		-0.330 -0.238 -0.010
-0.293 -0.180 -0.000		-0.277 -0.152 0.051
-0.293 -0.180 -0.000		-0.331 -0.072 -0.040
-0.293 -0.180 -0.000		-0.212 -0.266 0.031
-0.309 -0.178 -0.084		-0.300 -0.188 -0.098
-0.309 -0.178 -0.084		-0.364 -0.195 -0.039
-0.274 -0.235 -0.064		-0.274 -0.230 -0.082
-0.274 -0.235 -0.064		-0.329 -0.252 -0.018
-0.288 -0.212 -0.096		-0.326 -0.106 -0.135
-0.288 -0.212 -0.096		-0.209 -0.296 -0.066
-0.288 -0.212 -0.096		-0.265 -0.211 -0.133
-0.300 -0.188 -0.098		-0.285 -0.210 -0.097
-0.300 -0.188 -0.098		-0.362 -0.208 -0.048
-0.274 -0.230 -0.082		-0.285 -0.210 -0.097
-0.274 -0.230 -0.082		-0.336 -0.250 -0.032
-0.285 -0.210 -0.097		-0.351 -0.232 -0.045
-0.338 -0.091 -0.090		-0.331 -0.072 -0.040
-0.338 -0.091 -0.090		-0.326 -0.106 -0.135
-0.338 -0.091 -0.090		-0.330 0.021 -0.131
-0.216 -0.289 -0.018		-0.212 -0.266 0.031
-0.216 -0.289 -0.018		-0.209 -0.296 -0.066
-0.216 -0.289 -0.018		-0.109 -0.339 -0.000
-0.277 -0.152 0.051		-0.315 -0.049 0.014
-0.277 -0.152 0.051		-0.202 -0.233 0.081
-0.277 -0.152 0.051		-0.255 -0.119 0.103
-0.331 -0.072 -0.040		-0.315 -0.049 0.014
-0.331 -0.072 -0.040		-0.324 0.038 -0.080
-0.212 -0.266 0.031		-0.202 -0.233 0.081
-0.212 -0.266 0.031		-0.108 -0.314 0.048
-0.326 -0.106 -0.135		-0.299 -0.114 -0.168
-0.326 -0.106 -0.135		-0.319 0.001 -0.174
-0.209 -0.296 -0.066		-0.192 -0.288 -0.105
-0.209 -0.296 -0.066		-0.107 -0.344 -0.048
-0.265 -0.211 -0.133		-0.299 -0.114 -0.168
-0.265 -0.211 -0.133		-0.192 -0.288 -0.105
-0.265 -0.211 -0.133		-0.242 -0.206 -0.159
-0.315 -0.049 0.014		-0.290 -0.026 0.069
-0.315 -0.049 0.014		-0.307 0.053 -0.024
-0.202 -0.233 0.081		-0.187 -0.194 0.130
-0.202 -0.233 0.081		-0.103 -0.279 0.097
-0.255 -0.119 0.103		-0.290 -0.026 0.069
-0.255 -0.119 0.103		-0.187 -0.194 0.130
-0.255 -0.119 0.103		-0.231 -0.085 0.156
-0.299 -0.114 -0.168		-0.273 -0.119 -0.191
-0.299 -0.114 -0.168		-0.293 -0.017 -0.203
-0.192 -0.288 -0.105		-0.177 -0.276 -0.134
-0.192 -0.288 -0.105		-0.100 -0.331 -0.089
-0.244 -0.113 0.103		-0.255 -0.089 0.100
-0.244 -0.113 0.103		-0.229 -0.131 0.116
-0.244 -0.113 0.103		-0.307 -0.147 0.115
-0.255 -0.089 0.100		-0.255 -0.074 0.108
-0.255 -0.089 0.100		-0.322 -0.125 0.113
-0.229 -0.131 0.116		-0.220 -0.131 0.129
-0.229 -0.131 0.116		-0.296 -0.167 0.128
-0.242 -0.206 -0.159		-0.231 -0.205 -0.173
-0.242 -0.206 -0.159		-0.273 -0.119 -0.191
-0.242 -0.206 -0.159		-0.177 -0.276 -0.134
-0.290 -0.026 0.069		-0.262 -0.002 0.125
-0.290 -0.026 0.069		-0.283 0.068 0.035
-0.187 -0.194 0.130		-0.170 -0.152 0.180
-0.187 -0.194 0.130		-0.097 -0.235 0.145
-0.255 -0.074 0.108		-0.246 -0.075 0.121
-0.255 -0.074 0.108		-0.331 -0.116 0.122
-0.220 -0.131 0.129		-0.220 -0.117 0.136
-0.220 -0.131 0.129		-0.296 -0.173 0.143
-0.246 -0.075 0.121		-0.231 -0.094 0.133
-0.246 -0.075 0.121		-0.331 -0.122 0.137
-0.220 -0.117 0.136		-0.231 -0.094 0.133
-0.220 -0.117 0.136		-0.305 -0.164 0.152
-0.231 -0.205 -0.173		-0.262 -0.122 -0.204
-0.231 -0.205 -0.173		-0.170 -0.272 -0.149
-0.231 -0.094 0.133		-0.320 -0.142 0.150
-0.231 -0.085 0.156		-0.224 -0.078 0.165
-0.231 -0.085 0.156		-0.262 -0.002 0.125
-0.231 -0.085 0.156		-0.170 -0.152 0.180
-0.273 -0.119 -0.191		-0.262 -0.122 -0.204
-0.273 -0.119 -0.191		-0.267 -0.031 -0.223
-0.177 -0.276 -0.134		-0.170 -0.272 -0.149
-0.177 -0.276 -0.134		-0.093 -0.315 -0.120
-0.224 -0.078 0.165		-0.218 -0.073 0.167
-0.224 -0.078 0.165		-0.253 0.002 0.135
-0.224 -0.078 0.165		-0.165 -0.141 0.188
-0.330 0.021 -0.131		-0.324 0.038 -0.080
-0.330 0.021 -0.131		-0.319 0.001 -0.174
-0.330 0.021 -0.131		-0.278 0.121 -0.168
-0.109 -0.339 -0.000		-0.108 -0.314 0.048
-0.109 -0.339 -0.000		-0.107 -0.344 -0.048
-0.109 -0.339 -0.000		0.009 -0.346 0.003
-0.218 -0.073 0.167		-0.215 -0.073 0.163
-0.218 -0.073 0.167		-0.247 0.005 0.139
-0.218 -0.073 0.167		-0.161 -0.135 0.190
-0.217 -0.078 0.153		-0.215 -0.073 0.163
-0.217 -0.078 0.153		-0.245 -0.001 0.125
-0.217 -0.078 0.153		-0.160 -0.139 0.175
-0.324 0.038 -0.080		-0.307 0.053 -0.024
-0.324 0.038 -0.080		-0.273 0.136 -0.115
-0.108 -0.314 0.048		-0.103 -0.279 0.097
-0.108 -0.314 0.048		0.008 -0.322 0.051
-0.262 -0.122 -0.204		-0.255 -0.038 -0.234
-0.262 -0.002 0.125		-0.253 0.002 0.135
-0.262 -0.002 0.125		-0.255 0.082 0.095
-0.170 -0.272 -0.149		-0.089 -0.308 -0.136
-0.170 -0.152 0.180		-0.165 -0.141 0.188
-0.170 -0.152 0.180		-0.089 -0.189 0.193
-0.215 -0.073 0.163		-0.242 0.004 0.135
-0.215 -0.073 0.163		-0.158 -0.133 0.185
-0.319 0.001 -0.174		-0.293 -0.017 -0.203
-0.319 0.001 -0.174		-0.269 0.098 -0.209
-0.107 -0.344 -0.048		-0.100 -0.331 -0.089
-0.107 -0.344 -0.048		0.007 -0.351 -0.046
-0.253 0.002 0.135		-0.247 0.005 0.139
-0.253 0.002 0.135		-0.247 0.083 0.106
-0.165 -0.141 0.188		-0.161 -0.135 0.190
-0.165 -0.141 0.188		-0.087 -0.177 0.201
-0.307 0.053 -0.024		-0.283 0.068 0.035
-0.307 0.053 -0.024		-0.259 0.146 -0.057
-0.103 -0.279 0.097		-0.097 -0.235 0.145
-0.103 -0.279 0.097		0.006 -0.286 0.100
-0.204 -0.071 0.150		-0.230 0.001 0.124
-0.204 -0.071 0.150		-0.151 -0.128 0.171
-0.204 -0.071 0.150		-0.184 -0.055 0.160
-0.247 0.005 0.139		-0.242 0.004 0.135
-0.247 0.005 0.139		-0.240 0.083 0.110
-0.161 -0.135 0.190		-0.158 -0.133 0.185
-0.161 -0.135 0.190		-0.085 -0.169 0.202
-0.245 -0.001 0.125		-0.242 0.004 0.135
-0.245 -0.001 0.125		-0.240 0.078 0.096
-0.160 -0.139 0.175		-0.158 -0.133 0.185
-0.160 -0.139 0.175		-0.085 -0.174 0.188
-0.242 0.004 0.135		-0.237 0.080 0.107
-0.158 -0.133 0.185		-0.085 -0.167 0.197
-0.293 -0.017 -0.203		-0.267 -0.031 -0.223
-0.293 -0.017 -0.203		-0.247 0.071 -0.236
-0.100 -0.331 -0.089		-0.093 -0.315 -0.120
-0.100 -0.331 -0.089		0.004 -0.337 -0.087
-0.230 0.001 0.124		-0.208 0.009 0.136
-0.230 0.001 0.124		-0.225 0.074 0.098
-0.151 -0.128 0.171		-0.137 -0.106 0.178
-0.151 -0.128 0.171		-0.081 -0.160 0.183
-0.283 0.068 0.035		-0.255 0.082 0.095
-0.283 0.068 0.035		-0.239 0.152 0.004
-0.097 -0.235 0.145		-0.089 -0.189 0.193
-0.097 -0.235 0.145		0.003 -0.242 0.148
-0.184 -0.055 0.160		-0.208 0.009 0.136
-0.184 -0.055 0.160		-0.137 -0.106 0.178
-0.184 -0.055 0.160		-0.140 -0.028 0.159
-0.267 -0.031 -0.223		-0.255 -0.038 -0.234
-0.267 -0.031 -0.223		-0.226 0.048 -0.251
-0.093 -0.315 -0.120		-0.089 -0.308 -0.136
-0.093 -0.315 -0.120		0.000 -0.320 -0.118
-0.208 0.009 0.136		-0.203 0.073 0.113
-0.208 0.009 0.136		-0.157 0.017 0.143
-0.137 -0.106 0.178		-0.075 -0.135 0.189
-0.137 -0.106 0.178		-0.107 -0.064 0.172
-0.255 -0.038 -0.234		-0.216 0.037 -0.261
-0.255 0.082 0.095		-0.247 0.083 0.106
-0.255 0.082 0.095		-0.216 0.156 0.068
-0.089 -0.308 -0.136		-0.001 -0.313 -0.134
-0.089 -0.189 0.193		-0.087 -0.177 0.201
-0.089 -0.189 0.193		-0.001 -0.194 0.195
-0.247 0.083 0.106		-0.240 0.083 0.110
-0.247 0.083 0.106		-0.210 0.156 0.080
-0.087 -0.177 0.201		-0.085 -0.169 0.202
-0.087 -0.177 0.201		-0.002 -0.183 0.203
-0.240 0.083 0.110		-0.237 0.080 0.107
-0.240 0.083 0.110		-0.204 0.153 0.085
-0.085 -0.169 0.202		-0.085 -0.167 0.197
-0.085 -0.169 0.202		-0.003 -0.174 0.204
-0.240 0.078 0.096		-0.237 0.080 0.107
-0.240 0.078 0.096		-0.204 0.148 0.071
-0.085 -0.174 0.188		-0.085 -0.167 0.197
-0.085 -0.174 0.188		-0.003 -0.179 0.190
-0.237 0.080 0.107		-0.201 0.149 0.082
-0.085 -0.167 0.197		-0.003 -0.173 0.199
-0.225 0.074 0.098		-0.203 0.073 0.113
-0.225 0.074 0.098		-0.191 0.139 0.074
-0.081 -0.160 0.183		-0.075 -0.135 0.189
-0.081 -0.160 0.183		-0.004 -0.165 0.185
-0.140 -0.028 0.159		-0.157 0.017 0.143
-0.140 -0.028 0.159		-0.107 -0.064 0.172
-0.140 -0.028 0.159		-0.090 0.002 0.159
-0.203 0.073 0.113		-0.153 0.064 0.126
-0.203 0.073 0.113		-0.173 0.131 0.092
-0.075 -0.135 0.189		-0.062 -0.084 0.180
-0.075 -0.135 0.189		-0.007 -0.139 0.190
-0.278 0.121 -0.168		-0.273 0.136 -0.115
-0.278 0.121 -0.168		-0.269 0.098 -0.209
-0.278 0.121 -0.168		-0.184 0.198 -0.195
0.009 -0.346 0.003		0.008 -0.322 0.051
0.009 -0.346 0.003		0.007 -0.351 -0.046
0.009 -0.346 0.003		0.127 -0.308 -0.011
-0.273 0.136 -0.115		-0.259 0.146 -0.057
-0.273 0.136 -0.115		-0.181 0.211 -0.143
0.008 -0.322 0.051		0.006 -0.286 0.100
0.008 -0.322 0.051		0.123 -0.284 0.037
-0.157 0.017 0.143		-0.153 0.064 0.126
-0.157 0.017 0.143		-0.100 0.028 0.150
-0.107 -0.064 0.172		-0.062 -0.084 0.180
-0.107 -0.064 0.172		-0.072 -0.018 0.166
-0.269 0.098 -0.209		-0.247 0.071 -0.236
-0.269 0.098 -0.209		-0.178 0.172 -0.236
0.007 -0.351 -0.046		0.004 -0.337 -0.087
0.007 -0.351 -0.046		0.121 -0.315 -0.059
-0.259 0.146 -0.057		-0.239 0.152 0.004
-0.259 0.146 -0.057		-0.172 0.217 -0.083
0.006 -0.286 0.100		0.003 -0.242 0.148
0.006 -0.286 0.100		0.115 -0.250 0.087
-0.247 0.071 -0.236		-0.226 0.048 -0.251
-0.247 0.071 -0.236		-0.165 0.138 -0.260
0.004 -0.337 -0.087		0.000 -0.320 -0.118
0.004 -0.337 -0.087		0.107 -0.304 -0.099
-0.239 0.152 0.004		-0.216 0.156 0.068
-0.239 0.152 0.004		-0.160 0.217 -0.019
0.003 -0.242 0.148		-0.001 -0.194 0.195
0.003 -0.242 0.148		0.102 -0.210 0.136
-0.226 0.048 -0.251		-0.216 0.037 -0.261
-0.226 0.048 -0.251		-0.152 0.109 -0.274
0.000 -0.320 -0.118		-0.001 -0.313 -0.134
0.000 -0.320 -0.118		0.094 -0.291 -0.128
-0.216 0.037 -0.261		-0.145 0.094 -0.282
-0.216 0.156 0.068		-0.210 0.156 0.080
-0.216 0.156 0.068		-0.145 0.214 0.047
-0.001 -0.313 -0.134		0.088 -0.285 -0.144
-0.001 -0.194 0.195		-0.002 -0.183 0.203
-0.001 -0.194 0.195		0.088 -0.165 0.185
-0.153 0.064 0.126		-0.098 0.053 0.141
-0.153 0.064 0.126		-0.132 0.104 0.111
-0.062 -0.084 0.180		-0.048 -0.029 0.170
-0.062 -0.084 0.180		-0.014 -0.088 0.181
-0.210 0.156 0.080		-0.204 0.153 0.085
-0.210 0.156 0.080		-0.141 0.211 0.059
-0.002 -0.183 0.203		-0.003 -0.174 0.204
-0.002 -0.183 0.203		0.084 -0.155 0.193
-0.204 0.153 0.085		-0.201 0.149 0.082
-0.204 0.153 0.085		-0.138 0.207 0.065
-0.003 -0.174 0.204		-0.003 -0.173 0.199
-0.003 -0.174 0.204		0.080 -0.148 0.194
-0.204 0.148 0.071		-0.201 0.149 0.082
-0.204 0.148 0.071		-0.138 0.202 0.051
-0.003 -0.179 0.190		-0.003 -0.173 0.199
-0.003 -0.179 0.190		0.080 -0.153 0.180
-0.201 0.149 0.082		-0.136 0.203 0.062
-0.003 -0.173 0.199		0.079 -0.147 0.190
-0.191 0.139 0.074		-0.173 0.131 0.092
-0.191 0.139 0.074		-0.130 0.189 0.056
-0.004 -0.165 0.185		-0.007 -0.139 0.190
-0.004 -0.165 0.185		0.072 -0.140 0.175
-0.090 0.002 0.159		-0.100 0.028 0.150
-0.090 0.002 0.159		-0.072 -0.018 0.166
-0.090 0.002 0.159		-0.055 0.026 0.165
-0.173 0.131 0.092		-0.132 0.104 0.111
-0.173 0.131 0.092		-0.119 0.176 0.075
-0.007 -0.139 0.190		-0.014 -0.088 0.181
-0.007 -0.139 0.190		0.061 -0.117 0.182
-0.100 0.028 0.150		-0.098 0.053 0.141
-0.100 0.028 0.150		-0.060 0.037 0.161
-0.072 -0.018 0.166		-0.048 -0.029 0.170
-0.072 -0.018 0.166		-0.048 0.017 0.168
-0.074 0.037 0.227		-0.073 0.031 0.209
-0.074 0.037 0.227		-0.082 0.056 0.220
-0.074 0.037 0.227		-0.061 0.022 0.233
-0.074 0.037 0.227		-0.029 0.064 0.225
-0.073 0.031 0.209		-0.079 0.049 0.202
-0.073 0.031 0.209		-0.059 0.017 0.214
-0.073 0.031 0.209		-0.055 0.033 0.184
-0.098 0.053 0.141		-0.085 0.076 0.132
-0.098 0.053 0.141		-0.059 0.048 0.157
-0.048 -0.029 0.170		-0.020 -0.030 0.171
-0.048 -0.029 0.170		-0.037 0.012 0.170
-0.132 0.104 0.111		-0.085 0.076 0.132
-0.132 0.104 0.111		-0.093 0.137 0.099
-0.014 -0.088 0.181		-0.020 -0.030 0.171
-0.014 -0.088 0.181		0.035 -0.072 0.175
-0.082 0.056 0.220		-0.079 0.049 0.202
-0.082 0.056 0.220		-0.080 0.075 0.213
-0.082 0.056 0.220		-0.029 0.064 0.225
-0.061 0.022 0.233		-0.059 0.017 0.214
-0.061 0.022 0.233		-0.042 0.013 0.236
-0.061 0.022 0.233		-0.029 0.064 0.225
-0.079 0.049 0.202		-0.078 0.068 0.196
-0.079 0.049 0.202		-0.060 0.044 0.180
-0.059 0.017 0.214		-0.042 0.009 0.217
-0.059 0.017 0.214		-0.048 0.024 0.187
-0.080 0.075 0.213		-0.078 0.068 0.196
-0.080 0.075 0.213		-0.071 0.092 0.207
-0.080 0.075 0.213		-0.029 0.064 0.225
-0.042 0.013 0.236		-0.042 0.009 0.217
-0.042 0.013 0.236		-0.022 0.012 0.236
-0.042 0.013 0.236		-0.029 0.064 0.225
-0.078 0.068 0.196		-0.059 0.055 0.176
-0.078 0.068 0.196		-0.069 0.084 0.190
-0.042 0.009 0.217		-0.037 0.019 0.189
-0.042 0.009 0.217		-0.022 0.008 0.218
-0.055 0.026 0.165		-0.055 0.033 0.184
-0.055 0.026 0.165		-0.060 0.037 0.161
-0.055 0.026 0.165		-0.048 0.017 0.168
-0.055 0.033 0.184		-0.060 0.044 0.180
-0.055 0.033 0.184		-0.048 0.024 0.187
-0.060 0.037 0.161		-0.060 0.044 0.180
-0.060 0.037 0.161		-0.059 0.048 0.157
-0.048 0.017 0.168		-0.048 0.024 0.187
-0.048 0.017 0.168		-0.037 0.012 0.170
-0.060 0.044 0.180		-0.059 0.055 0.176
-0.048 0.024 0.187		-0.037 0.019 0.189
-0.085 0.076 0.132		-0.054 0.058 0.153
-0.085 0.076 0.132		-0.064 0.094 0.126
-0.020 -0.030 0.171		-0.025 0.011 0.171
-0.020 -0.030 0.171		0.007 -0.022 0.168
-0.059 0.048 0.157		-0.059 0.055 0.176
-0.059 0.048 0.157		-0.054 0.058 0.153
-0.037 0.012 0.170		-0.037 0.019 0.189
-0.037 0.012 0.170		-0.025 0.011 0.171
-0.059 0.055 0.176		-0.053 0.065 0.172
-0.037 0.019 0.189		-0.025 0.019 0.189
-0.071 0.092 0.207		-0.069 0.084 0.190
-0.071 0.092 0.207		-0.029 0.064 0.225
-0.071 0.092 0.207		-0.055 0.105 0.202
-0.022 0.012 0.236		-0.022 0.008 0.218
-0.022 0.012 0.236		-0.029 0.064 0.225
-0.022 0.012 0.236		-0.002 0.019 0.234
-0.069 0.084 0.190		-0.053 0.065 0.172
-0.069 0.084 0.190		-0.054 0.097 0.185
-0.022 0.008 0.218		-0.025 0.019 0.189
-0.022 0.008 0.218		-0.003 0.014 0.215
-0.054 0.058 0.153		-0.053 0.065 0.172
-0.054 0.058 0.153		-0.044 0.066 0.151
-0.025 0.011 0.171		-0.025 0.019 0.189
-0.025 0.011 0.171		-0.013 0.015 0.169
-0.053 0.065 0.172		-0.044 0.073 0.169
-0.025 0.019 0.189		-0.013 0.022 0.188
-0.029 0.064 0.225		-0.055 0.105 0.202
-0.029 0.064 0.225		-0.002 0.019 0.234
-0.029 0.064 0.225		-0.035 0.112 0.200
-0.029 0.064 0.225		0.014 0.032 0.229
-0.029 0.064 0.225		-0.016 0.110 0.200
-0.029 0.064 0.225		0.022 0.048 0.223
-0.029 0.064 0.225		0.003 0.102 0.203
-0.029 0.064 0.225		0.024 0.068 0.216
-0.029 0.064 0.225		0.017 0.087 0.209
-0.044 0.073 0.169		-0.044 0.066 0.151
-0.044 0.073 0.169		-0.054 0.097 0.185
-0.044 0.073 0.169		-0.032 0.076 0.168
-0.044 0.066 0.151		-0.064 0.094 0.126
-0.044 0.066 0.151		-0.033 0.070 0.149
-0.054 0.097 0.185		-0.055 0.105 0.202
-0.054 0.097 0.185		-0.035 0.103 0.183
-0.055 0.105 0.202		-0.035 0.112 0.200
-0.064 0.094 0.126		-0.093 0.137 0.099
-0.064 0.094 0.126		-0.037 0.102 0.123
-0.093 0.137 0.099		-0.119 0.176 0.075
-0.093 0.137 0.099		-0.044 0.152 0.094
-0.119 0.176 0.075		-0.130 0.189 0.056
-0.119 0.176 0.075		-0.051 0.197 0.068
-0.130 0.189 0.056		-0.054 0.214 0.047
-0.136 0.203 0.062		-0.138 0.202 0.051
-0.136 0.203 0.062		-0.138 0.207 0.065
-0.136 0.203 0.062		-0.055 0.229 0.053
-0.138 0.202 0.051		-0.055 0.228 0.042
-0.138 0.207 0.065		-0.141 0.211 0.059
-0.138 0.207 0.065		-0.055 0.233 0.056
-0.141 0.211 0.059		-0.145 0.214 0.047
-0.141 0.211 0.059		-0.056 0.239 0.049
-0.145 0.094 -0.282		-0.152 0.109 -0.274
-0.145 0.094 -0.282		-0.057 0.123 -0.293
-0.145 0.214 0.047		-0.160 0.217 -0.019
-0.145 0.214 0.047		-0.057 0.242 0.036
-0.152 0.109 -0.274		-0.165 0.138 -0.260
-0.152 0.109 -0.274		-0.058 0.138 -0.284
-0.160 0.217 -0.019		-0.172 0.217 -0.083
-0.160 0.217 -0.019		-0.061 0.249 -0.031
-0.165 0.138 -0.260		-0.178 0.172 -0.236
-0.165 0.138 -0.260		-0.061 0.172 -0.272
-0.172 0.217 -0.083		-0.181 0.211 -0.143
-0.172 0.217 -0.083		-0.064 0.251 -0.096
-0.178 0.172 -0.236		-0.184 0.198 -0.195
-0.178 0.172 -0.236		-0.065 0.208 -0.249
-0.181 0.211 -0.143		-0.184 0.198 -0.195
-0.181 0.211 -0.143		-0.066 0.248 -0.156
-0.184 0.198 -0.195		-0.066 0.236 -0.209
-0.013 0.022 0.188		-0.013 0.015 0.169
-0.013 0.022 0.188		-0.003 0.014 0.215
-0.013 0.022 0.188		-0.004 0.030 0.185
-0.013 0.015 0.169		0.007 -0.022 0.168
-0.013 0.015 0.169		-0.004 0.023 0.166
-0.003 0.014 0.215		-0.002 0.019 0.234
-0.003 0.014 0.215		0.012 0.026 0.211
-0.002 0.019 0.234		0.014 0.032 0.229
0.007 -0.022 0.168		0.035 -0.072 0.175
0.007 -0.022 0.168		0.028 -0.004 0.161
0.035 -0.072 0.175		0.061 -0.117 0.182
0.035 -0.072 0.175		0.074 -0.040 0.164
0.061 -0.117 0.182		0.072 -0.140 0.175
0.061 -0.117 0.182		0.115 -0.073 0.166
0.072 -0.140 0.175		0.133 -0.091 0.157
0.079 -0.147 0.190		0.080 -0.153 0.180
0.079 -0.147 0.190		0.080 -0.148 0.194
0.079 -0.147 0.190		0.143 -0.093 0.170
0.080 -0.153 0.180		0.146 -0.099 0.161
0.080 -0.148 0.194		0.084 -0.155 0.193
0.080 -0.148 0.194		0.146 -0.094 0.175
0.084 -0.155 0.193		0.088 -0.165 0.185
0.084 -0.155 0.193		0.152 -0.100 0.172
0.088 -0.285 -0.144		0.094 -0.291 -0.128
0.088 -0.285 -0.144		0.158 -0.227 -0.165
0.088 -0.165 0.185		0.102 -0.210 0.136
0.088 -0.165 0.185		0.158 -0.108 0.164
0.094 -0.291 -0.128		0.107 -0.304 -0.099
0.094 -0.291 -0.128		0.168 -0.230 -0.151
0.102 -0.210 0.136		0.115 -0.250 0.087
0.102 -0.210 0.136		0.181 -0.145 0.113
0.107 -0.304 -0.099		0.121 -0.315 -0.059
0.107 -0.304 -0.099		0.190 -0.237 -0.123
0.115 -0.250 0.087		0.123 -0.284 0.037
0.115 -0.250 0.087		0.201 -0.180 0.061
0.121 -0.315 -0.059		0.127 -0.308 -0.011
0.121 -0.315 -0.059		0.211 -0.241 -0.086
0.123 -0.284 0.037		0.127 -0.308 -0.011
0.123 -0.284 0.037		0.215 -0.209 0.010
0.127 -0.308 -0.011		0.221 -0.231 -0.039
-0.032 0.076 0.168		-0.033 0.070 0.149
-0.032 0.076 0.168		-0.035 0.103 0.183
-0.032 0.076 0.168		-0.021 0.075 0.168
-0.004 0.030 0.185		-0.004 0.023 0.166
-0.004 0.030 0.185		0.012 0.026 0.211
-0.004 0.030 0.185		0.001 0.039 0.181
-0.033 0.070 0.149		-0.021 0.069 0.149
-0.033 0.070 0.149		-0.037 0.102 0.123
-0.004 0.023 0.166		0.001 0.033 0.163
-0.004 0.023 0.166		0.028 -0.004 0.161
-0.035 0.103 0.183		-0.035 0.112 0.200
-0.035 0.103 0.183		-0.015 0.102 0.183
0.012 0.026 0.211		0.014 0.032 0.229
0.012 0.026 0.211		0.021 0.043 0.205
-0.035 0.112 0.200		-0.016 0.110 0.200
0.014 0.032 0.229		0.022 0.048 0.223
-0.021 0.075 0.168		-0.021 0.069 0.149
-0.021 0.075 0.168		-0.010 0.070 0.170
-0.021 0.075 0.168		-0.015 0.102 0.183
0.001 0.039 0.181		0.001 0.033 0.163
0.001 0.039 0.181		0.002 0.051 0.177
0.001 0.039 0.181		0.021 0.043 0.205
-0.021 0.069 0.149		-0.010 0.064 0.151
-0.021 0.069 0.149		-0.010 0.100 0.123
0.001 0.033 0.163		0.002 0.044 0.159
0.001 0.033 0.163		0.040 0.019 0.153
-0.037 0.102 0.123		-0.044 0.152 0.094
-0.037 0.102 0.123		-0.010 0.100 0.123
0.028 -0.004 0.161		0.074 -0.040 0.164
0.028 -0.004 0.161		0.040 0.019 0.153
-0.010 0.070 0.170		-0.010 0.064 0.151
-0.010 0.070 0.170		-0.003 0.062 0.173
-0.010 0.070 0.170		0.001 0.093 0.186
0.002 0.051 0.177		0.002 0.044 0.159
0.002 0.051 0.177		-0.003 0.062 0.173
0.002 0.051 0.177		0.021 0.061 0.198
-0.010 0.064 0.151		-0.002 0.055 0.154
-0.010 0.064 0.151		0.014 0.089 0.127
0.002 0.044 0.159		-0.002 0.055 0.154
0.002 0.044 0.159		0.042 0.044 0.144
-0.003 0.062 0.173		-0.002 0.055 0.154
-0.003 0.062 0.173		0.015 0.079 0.192
-0.002 0.055 0.154		0.033 0.069 0.134
-0.015 0.102 0.183		-0.016 0.110 0.200
-0.015 0.102 0.183		0.001 0.093 0.186
0.021 0.043 0.205		0.022 0.048 0.223
0.021 0.043 0.205		0.021 0.061 0.198
-0.016 0.110 0.200		0.003 0.102 0.203
0.022 0.048 0.223		0.024 0.068 0.216
0.001 0.093 0.186		0.003 0.102 0.203
0.001 0.093 0.186		0.015 0.079 0.192
0.021 0.061 0.198		0.024 0.068 0.216
0.021 0.061 0.198		0.015 0.079 0.192
0.003 0.102 0.203		0.017 0.087 0.209
0.024 0.068 0.216		0.017 0.087 0.209
-0.044 0.152 0.094		-0.051 0.197 0.068
-0.044 0.152 0.094		0.005 0.149 0.095
0.074 -0.040 0.164		0.115 -0.073 0.166
0.074 -0.040 0.164		0.096 0.001 0.149
-0.010 0.100 0.123		0.014 0.089 0.127
-0.010 0.100 0.123		0.005 0.149 0.095
0.040 0.019 0.153		0.042 0.044 0.144
0.040 0.019 0.153		0.096 0.001 0.149
0.015 0.079 0.192		0.017 0.087 0.209
0.014 0.089 0.127		0.033 0.069 0.134
0.014 0.089 0.127		0.049 0.129 0.102
0.042 0.044 0.144		0.033 0.069 0.134
0.042 0.044 0.144		0.099 0.047 0.132
-0.051 0.197 0.068		-0.054 0.214 0.047
-0.051 0.197 0.068		0.017 0.193 0.069
0.115 -0.073 0.166		0.133 -0.091 0.157
0.115 -0.073 0.166		0.145 -0.015 0.145
0.033 0.069 0.134		0.082 0.093 0.115
-0.054 0.214 0.047		0.023 0.209 0.048
0.133 -0.091 0.157		0.167 -0.025 0.134
-0.055 0.229 0.053		-0.055 0.228 0.042
-0.055 0.229 0.053		-0.055 0.233 0.056
-0.055 0.229 0.053		0.027 0.223 0.055
0.143 -0.093 0.170		0.146 -0.099 0.161
0.143 -0.093 0.170		0.146 -0.094 0.175
0.143 -0.093 0.170		0.179 -0.024 0.145
-0.055 0.228 0.042		0.027 0.223 0.043
0.146 -0.099 0.161		0.182 -0.029 0.135
-0.055 0.233 0.056		-0.056 0.239 0.049
-0.055 0.233 0.056		0.028 0.229 0.057
0.146 -0.094 0.175		0.152 -0.100 0.172
0.146 -0.094 0.175		0.183 -0.024 0.149
-0.056 0.239 0.049		-0.057 0.242 0.036
-0.056 0.239 0.049		0.030 0.234 0.051
0.152 -0.100 0.172		0.158 -0.108 0.164
0.152 -0.100 0.172		0.190 -0.027 0.146
0.005 0.149 0.095		0.049 0.129 0.102
0.005 0.149 0.095		0.017 0.193 0.069
0.096 0.001 0.149		0.099 0.047 0.132
0.096 0.001 0.149		0.145 -0.015 0.145
-0.057 0.123 -0.293		-0.058 0.138 -0.284
-0.057 0.123 -0.293		0.031 0.117 -0.291
-0.057 0.242 0.036		-0.061 0.249 -0.031
-0.057 0.242 0.036		0.031 0.237 0.038
0.158 -0.227 -0.165		0.168 -0.230 -0.151
0.158 -0.227 -0.165		0.197 -0.153 -0.192
0.158 -0.108 0.164		0.181 -0.145 0.113
0.158 -0.108 0.164		0.197 -0.033 0.137
-0.058 0.138 -0.284		-0.061 0.172 -0.272
-0.058 0.138 -0.284		0.035 0.133 -0.282
0.168 -0.230 -0.151		0.190 -0.237 -0.123
0.168 -0.230 -0.151		0.209 -0.151 -0.179
-0.061 0.249 -0.031		-0.064 0.251 -0.096
-0.061 0.249 -0.031		0.040 0.242 -0.029
0.181 -0.145 0.113		0.201 -0.180 0.061
0.181 -0.145 0.113		0.226 -0.060 0.082
-0.061 0.172 -0.272		-0.065 0.208 -0.249
-0.061 0.172 -0.272		0.042 0.165 -0.270
0.190 -0.237 -0.123		0.211 -0.241 -0.086
0.190 -0.237 -0.123		0.235 -0.149 -0.155
-0.064 0.251 -0.096		-0.066 0.248 -0.156
-0.064 0.251 -0.096		0.045 0.245 -0.093
0.201 -0.180 0.061		0.215 -0.209 0.010
0.201 -0.180 0.061		0.249 -0.088 0.028
-0.065 0.208 -0.249		-0.066 0.236 -0.209
-0.065 0.208 -0.249		0.049 0.201 -0.247
0.211 -0.241 -0.086		0.221 -0.231 -0.039
0.211 -0.241 -0.086		0.261 -0.144 -0.121
0.049 0.129 0.102		0.082 0.093 0.115
0.049 0.129 0.102		0.080 0.165 0.079
0.099 0.047 0.132		0.082 0.093 0.115
0.099 0.047 0.132		0.151 0.050 0.121
-0.066 0.248 -0.156		-0.066 0.236 -0.209
-0.066 0.248 -0.156		0.050 0.241 -0.154
0.215 -0.209 0.010		0.221 -0.231 -0.039
0.215 -0.209 0.010		0.266 -0.111 -0.026
-0.066 0.236 -0.209		0.052 0.229 -0.207
0.221 -0.231 -0.039		0.273 -0.131 -0.076
0.017 0.193 0.069		0.023 0.209 0.048
0.017 0.193 0.069		0.080 0.165 0.079
0.145 -0.015 0.145		0.167 -0.025 0.134
0.145 -0.015 0.145		0.151 0.050 0.121
0.082 0.093 0.115		0.127 0.114 0.098
0.023 0.209 0.048		0.093 0.176 0.060
0.167 -0.025 0.134		0.172 0.048 0.107
0.027 0.223 0.055		0.027 0.223 0.043
0.027 0.223 0.055		0.028 0.229 0.057
0.027 0.223 0.055		0.101 0.190 0.067
0.179 -0.024 0.145		0.182 -0.029 0.135
0.179 -0.024 0.145		0.183 -0.024 0.149
0.179 -0.024 0.145		0.185 0.053 0.117
0.027 0.223 0.043		0.103 0.188 0.056
0.182 -0.029 0.135		0.188 0.050 0.106
0.028 0.229 0.057		0.030 0.234 0.051
0.028 0.229 0.057		0.102 0.194 0.070
0.183 -0.024 0.149		0.190 -0.027 0.146
0.183 -0.024 0.149		0.188 0.054 0.121
0.030 0.234 0.051		0.031 0.237 0.038
0.030 0.234 0.051		0.108 0.198 0.064
0.190 -0.027 0.146		0.197 -0.033 0.137
0.190 -0.027 0.146		0.196 0.054 0.116
0.031 0.117 -0.291		0.035 0.133 -0.282
0.031 0.117 -0.291		0.112 0.081 -0.277
0.031 0.237 0.038		0.040 0.242 -0.029
0.031 0.237 0.038		0.112 0.200 0.052
0.197 -0.153 -0.192		0.209 -0.151 -0.179
0.197 -0.153 -0.192		0.204 -0.069 -0.223
0.197 -0.033 0.137		0.226 -0.060 0.082
0.197 -0.033 0.137		0.204 0.051 0.106
0.080 0.165 0.079		0.127 0.114 0.098
0.080 0.165 0.079		0.093 0.176 0.060
0.151 0.050 0.121		0.127 0.114 0.098
0.151 0.050 0.121		0.172 0.048 0.107
0.035 0.133 -0.282		0.042 0.165 -0.270
0.035 0.133 -0.282		0.119 0.094 -0.268
0.209 -0.151 -0.179		0.235 -0.149 -0.155
0.209 -0.151 -0.179		0.215 -0.063 -0.211
0.127 0.114 0.098		0.146 0.119 0.081
0.040 0.242 -0.029		0.045 0.245 -0.093
0.040 0.242 -0.029		0.129 0.201 -0.013
0.226 -0.060 0.082		0.249 -0.088 0.028
0.226 -0.060 0.082		0.232 0.033 0.048
0.093 0.176 0.060		0.146 0.119 0.081
0.172 0.048 0.107		0.146 0.119 0.081
0.042 0.165 -0.270		0.049 0.201 -0.247
0.042 0.165 -0.270		0.135 0.122 -0.254
0.235 -0.149 -0.155		0.261 -0.144 -0.121
0.235 -0.149 -0.155		0.242 -0.052 -0.191
0.101 0.190 0.067		0.103 0.188 0.056
0.101 0.190 0.067		0.102 0.194 0.070
0.101 0.190 0.067		0.157 0.129 0.089
0.185 0.053 0.117		0.188 0.050 0.106
0.185 0.053 0.117		0.188 0.054 0.121
0.185 0.053 0.117		0.157 0.129 0.089
0.103 0.188 0.056		0.159 0.126 0.078
0.188 0.050 0.106		0.159 0.126 0.078
0.102 0.194 0.070		0.108 0.198 0.064
0.102 0.194 0.070		0.160 0.132 0.092
0.188 0.054 0.121		0.196 0.054 0.116
0.188 0.054 0.121		0.160 0.132 0.092
0.045 0.245 -0.093		0.050 0.241 -0.154
0.045 0.245 -0.093		0.144 0.199 -0.077
0.249 -0.088 0.028		0.266 -0.111 -0.026
0.249 -0.088 0.028		0.257 0.015 -0.010
0.108 0.198 0.064		0.112 0.200 0.052
0.108 0.198 0.064		0.166 0.134 0.087
0.196 0.054 0.116		0.204 0.051 0.106
0.196 0.054 0.116		0.166 0.134 0.087
0.049 0.201 -0.247		0.052 0.229 -0.207
0.049 0.201 -0.247		0.152 0.154 -0.229
0.261 -0.144 -0.121		0.273 -0.131 -0.076
0.261 -0.144 -0.121		0.269 -0.037 -0.160
0.157 0.129 0.089		0.159 0.126 0.078
0.157 0.129 0.089		0.160 0.132 0.092
0.112 0.081 -0.277		0.119 0.094 -0.268
0.112 0.081 -0.277		0.173 0.014 -0.253
0.112 0.200 0.052		0.173 0.134 0.076
0.112 0.200 0.052		0.129 0.201 -0.013
0.204 -0.069 -0.223		0.215 -0.063 -0.211
0.204 -0.069 -0.223		0.173 0.014 -0.253
0.204 0.051 0.106		0.173 0.134 0.076
0.204 0.051 0.106		0.232 0.033 0.048
0.050 0.241 -0.154		0.052 0.229 -0.207
0.050 0.241 -0.154		0.155 0.192 -0.136
0.266 -0.111 -0.026		0.273 -0.131 -0.076
0.266 -0.111 -0.026		0.274 -0.002 -0.065
0.160 0.132 0.092		0.166 0.134 0.087
0.052 0.229 -0.207		0.159 0.179 -0.189
0.273 -0.131 -0.076		0.281 -0.020 -0.116
0.166 0.134 0.087		0.173 0.134 0.076
0.119 0.094 -0.268		0.184 0.024 -0.243
0.119 0.094 -0.268		0.135 0.122 -0.254
0.215 -0.063 -0.211		0.184 0.024 -0.243
0.215 -0.063 -0.211		0.242 -0.052 -0.191
0.173 0.014 -0.253		0.184 0.024 -0.243
0.173 0.134 0.076		0.198 0.127 0.013
0.129 0.201 -0.013		0.198 0.127 0.013
0.129 0.201 -0.013		0.144 0.199 -0.077
0.232 0.033 0.048		0.198 0.127 0.013
0.232 0.033 0.048		0.257 0.015 -0.010
0.184 0.024 -0.243		0.207 0.045 -0.226
0.135 0.122 -0.254		0.207 0.045 -0.226
0.135 0.122 -0.254		0.152 0.154 -0.229
0.242 -0.052 -0.191		0.207 0.045 -0.226
0.242 -0.052 -0.191		0.269 -0.037 -0.160
0.198 0.127 0.013		0.220 0.118 -0.047
0.200 0.053 -0.193		0.171 0.107 -0.191
0.200 0.053 -0.193		0.229 0.012 -0.157
0.200 0.053 -0.193		0.296 0.122 -0.165
0.200 0.097 -0.072		0.171 0.137 -0.108
0.200 0.097 -0.072		0.229 0.043 -0.074
0.200 0.097 -0.072		0.265 0.138 -0.069
0.171 0.107 -0.191		0.162 0.137 -0.155
0.171 0.107 -0.191		0.266 0.167 -0.165
0.171 0.137 -0.108		0.162 0.137 -0.155
0.171 0.137 -0.108		0.243 0.177 -0.100
0.162 0.137 -0.155		0.246 0.187 -0.137
0.229 0.012 -0.157		0.239 0.012 -0.110
0.229 0.012 -0.157		0.318 0.083 -0.134
0.229 0.043 -0.074		0.239 0.012 -0.110
0.229 0.043 -0.074		0.295 0.093 -0.069
0.239 0.012 -0.110		0.316 0.073 -0.096
0.144 0.199 -0.077		0.155 0.192 -0.136
0.144 0.199 -0.077		0.220 0.118 -0.047
0.257 0.015 -0.010		0.274 -0.002 -0.065
0.257 0.015 -0.010		0.220 0.118 -0.047
0.207 0.045 -0.226		0.230 0.069 -0.199
0.152 0.154 -0.229		0.159 0.179 -0.189
0.152 0.154 -0.229		0.230 0.069 -0.199
0.269 -0.037 -0.160		0.281 -0.020 -0.116
0.269 -0.037 -0.160		0.230 0.069 -0.199
0.155 0.192 -0.136		0.159 0.179 -0.189
0.155 0.192 -0.136		0.235 0.106 -0.105
0.274 -0.002 -0.065		0.281 -0.020 -0.116
0.274 -0.002 -0.065		0.235 0.106 -0.105
0.220 0.118 -0.047		0.235 0.106 -0.105
0.159 0.179 -0.189		0.241 0.091 -0.157
0.281 -0.020 -0.116		0.241 0.091 -0.157
0.230 0.069 -0.199		0.241 0.091 -0.157
0.235 0.106 -0.105		0.241 0.091 -0.157
0.265 0.138 -0.069		0.243 0.177 -0.100
0.265 0.138 -0.069		0.295 0.093 -0.069
0.265 0.138 -0.069		0.293 0.167 -0.035
0.243 0.177 -0.100		0.246 0.187 -0.137
0.243 0.177 -0.100		0.279 0.200 -0.057
0.295 0.093 -0.069		0.316 0.073 -0.096
0.295 0.093 -0.069		0.319 0.135 -0.033
0.246 0.187 -0.137		0.266 0.167 -0.165
0.246 0.187 -0.137		0.286 0.211 -0.081
0.316 0.073 -0.096		0.318 0.083 -0.134
0.316 0.073 -0.096		0.339 0.125 -0.050
0.266 0.167 -0.165		0.296 0.122 -0.165
0.266 0.167 -0.165		0.306 0.202 -0.098
0.318 0.083 -0.134		0.296 0.122 -0.165
0.318 0.083 -0.134		0.346 0.137 -0.074
0.293 0.167 -0.035		0.279 0.200 -0.057
0.293 0.167 -0.035		0.319 0.135 -0.033
0.293 0.167 -0.035		0.308 0.193 0.009
0.296 0.122 -0.165		0.333 0.170 -0.096
0.279 0.200 -0.057		0.286 0.211 -0.081
0.279 0.200 -0.057		0.303 0.217 -0.005
0.319 0.135 -0.033		0.339 0.125 -0.050
0.319 0.135 -0.033		0.330 0.173 0.011
0.308 0.193 0.009		0.303 0.217 -0.005
0.308 0.193 0.009		0.330 0.173 0.011
0.308 0.193 0.009		0.335 0.222 0.044
0.286 0.211 -0.081		0.306 0.202 -0.098
0.286 0.211 -0.081		0.314 0.232 -0.016
0.339 0.125 -0.050		0.346 0.137 -0.074
0.339 0.125 -0.050		0.351 0.172 0.005
0.303 0.217 -0.005		0.314 0.232 -0.016
0.303 0.217 -0.005		0.336 0.246 0.035
0.330 0.173 0.011		0.351 0.172 0.005
0.330 0.173 0.011		0.358 0.211 0.048
0.306 0.202 -0.098		0.333 0.170 -0.096
0.306 0.202 -0.098		0.336 0.231 -0.024
0.346 0.137 -0.074		0.333 0.170 -0.096
0.346 0.137 -0.074		0.363 0.187 -0.008
0.314 0.232 -0.016		0.336 0.231 -0.024
0.314 0.232 -0.016		0.360 0.267 0.027
0.351 0.172 0.005		0.363 0.187 -0.008
0.351 0.172 0.005		0.389 0.220 0.044
0.333 0.170 -0.096		0.358 0.212 -0.021
0.335 0.222 0.044		0.345 0.229 0.048
0.335 0.222 0.044		0.336 0.246 0.035
0.335 0.222 0.044		0.358 0.211 0.048
0.345 0.229 0.048		0.352 0.234 0.048
0.345 0.229 0.048		0.348 0.254 0.040
0.345 0.229 0.048		0.369 0.220 0.052
0.336 0.246 0.035		0.348 0.254 0.040
0.336 0.246 0.035		0.360 0.267 0.027
0.358 0.211 0.048		0.369 0.220 0.052
0.358 0.211 0.048		0.389 0.220 0.044
0.348 0.229 0.041		0.354 0.234 0.046
0.348 0.229 0.041		0.350 0.244 0.036
0.348 0.229 0.041		0.363 0.223 0.043
0.336 0.231 -0.024		0.358 0.212 -0.021
0.336 0.231 -0.024		0.392 0.276 0.024
0.363 0.187 -0.008		0.358 0.212 -0.021
0.363 0.187 -0.008		0.414 0.241 0.037
0.352 0.234 0.048		0.354 0.234 0.046
0.352 0.234 0.048		0.356 0.256 0.041
0.352 0.234 0.048		0.374 0.226 0.052
0.354 0.234 0.046		0.358 0.252 0.040
0.354 0.234 0.046		0.372 0.229 0.049
0.350 0.244 0.036		0.358 0.252 0.040
0.350 0.244 0.036		0.366 0.258 0.031
0.363 0.223 0.043		0.372 0.229 0.049
0.363 0.223 0.043		0.384 0.229 0.041
0.358 0.212 -0.021		0.416 0.266 0.028
0.348 0.254 0.040		0.356 0.256 0.041
0.348 0.254 0.040		0.374 0.275 0.032
0.369 0.220 0.052		0.374 0.226 0.052
0.369 0.220 0.052		0.401 0.231 0.048
0.356 0.256 0.041		0.358 0.252 0.040
0.356 0.256 0.041		0.381 0.275 0.035
0.374 0.226 0.052		0.372 0.229 0.049
0.374 0.226 0.052		0.404 0.238 0.049
0.358 0.252 0.040		0.378 0.269 0.035
0.372 0.229 0.049		0.397 0.238 0.046
0.366 0.258 0.031		0.378 0.269 0.035
0.366 0.258 0.031		0.388 0.264 0.028
0.360 0.267 0.027		0.374 0.275 0.032
0.360 0.267 0.027		0.392 0.276 0.024
0.384 0.229 0.041		0.397 0.238 0.046
0.384 0.229 0.041		0.401 0.243 0.036
0.389 0.220 0.044		0.401 0.231 0.048
0.389 0.220 0.044		0.414 0.241 0.037
0.374 0.275 0.032		0.381 0.275 0.035
0.374 0.275 0.032		0.407 0.286 0.029
0.401 0.231 0.048		0.404 0.238 0.049
0.401 0.231 0.048		0.428 0.252 0.041
0.378 0.269 0.035		0.381 0.275 0.035
0.378 0.269 0.035		0.405 0.278 0.033
0.397 0.238 0.046		0.404 0.238 0.049
0.397 0.238 0.046		0.419 0.255 0.041
0.381 0.275 0.035		0.411 0.286 0.032
0.404 0.238 0.049		0.429 0.257 0.043
0.388 0.264 0.028		0.403 0.258 0.030
0.388 0.264 0.028		0.405 0.278 0.033
0.401 0.243 0.036		0.403 0.258 0.030
0.401 0.243 0.036		0.419 0.255 0.041
0.403 0.258 0.030		0.423 0.272 0.035
0.392 0.276 0.024		0.416 0.266 0.028
0.392 0.276 0.024		0.407 0.286 0.029
0.414 0.241 0.037		0.416 0.266 0.028
0.414 0.241 0.037		0.428 0.252 0.041
0.405 0.278 0.033		0.411 0.286 0.032
0.405 0.278 0.033		0.423 0.272 0.035
0.419 0.255 0.041		0.429 0.257 0.043
0.419 0.255 0.041		0.423 0.272 0.035
0.416 0.266 0.028		0.431 0.277 0.032
0.407 0.286 0.029		0.411 0.286 0.032
0.407 0.286 0.029		0.431 0.277 0.032
0.428 0.252 0.041		0.429 0.257 0.043
0.428 0.252 0.041		0.431 0.277 0.032
0.411 0.286 0.032		0.433 0.279 0.036
0.429 0.257 0.043		0.433 0.279 0.036
0.423 0.272 0.035		0.433 0.279 0.036
0.431 0.277 0.032		0.433 0.279 0.036
-0.307 -0.147 0.115		-0.322 -0.125 0.113
-0.307 -0.147 0.115		-0.296 -0.167 0.128
-0.307 -0.147 0.115		-0.354 -0.174 0.121
-0.322 -0.125 0.113		-0.331 -0.116 0.122
-0.322 -0.125 0.113		-0.372 -0.153 0.119
-0.296 -0.167 0.128		-0.296 -0.173 0.143
-0.296 -0.167 0.128		-0.346 -0.195 0.134
-0.331 -0.116 0.122		-0.331 -0.122 0.137
-0.331 -0.116 0.122		-0.386 -0.148 0.127
-0.296 -0.173 0.143		-0.305 -0.164 0.152
-0.296 -0.173 0.143		-0.351 -0.205 0.148
-0.331 -0.122 0.137		-0.320 -0.142 0.150
-0.331 -0.122 0.137		-0.391 -0.156 0.142
-0.305 -0.164 0.152		-0.320 -0.142 0.150
-0.305 -0.164 0.152		-0.365 -0.199 0.157
-0.320 -0.142 0.150		-0.383 -0.179 0.155
-0.341 -0.214 -0.012		-0.356 -0.196 -0.025
-0.341 -0.214 -0.012		-0.330 -0.238 -0.010
-0.341 -0.214 -0.012		-0.371 -0.217 0.029
-0.356 -0.196 -0.025		-0.364 -0.195 -0.039
-0.356 -0.196 -0.025		-0.388 -0.200 0.018
-0.330 -0.238 -0.010		-0.329 -0.252 -0.018
-0.330 -0.238 -0.010		-0.362 -0.242 0.034
-0.364 -0.195 -0.039		-0.362 -0.208 -0.048
-0.364 -0.195 -0.039		-0.401 -0.201 0.007
-0.329 -0.252 -0.018		-0.336 -0.250 -0.032
-0.329 -0.252 -0.018		-0.366 -0.258 0.028
-0.362 -0.208 -0.048		-0.351 -0.232 -0.045
-0.362 -0.208 -0.048		-0.405 -0.216 0.002
-0.336 -0.250 -0.032		-0.351 -0.232 -0.045
-0.336 -0.250 -0.032		-0.379 -0.259 0.018
-0.351 -0.232 -0.045		-0.397 -0.241 0.007
-0.354 -0.174 0.121		-0.372 -0.153 0.119
-0.354 -0.174 0.121		-0.346 -0.195 0.134
-0.354 -0.174 0.121		-0.383 -0.193 0.117
-0.372 -0.153 0.119		-0.386 -0.148 0.127
-0.372 -0.153 0.119		-0.402 -0.174 0.113
-0.346 -0.195 0.134		-0.351 -0.205 0.148
-0.346 -0.195 0.134		-0.376 -0.216 0.129
-0.386 -0.148 0.127		-0.391 -0.156 0.142
-0.386 -0.148 0.127		-0.419 -0.171 0.120
-0.351 -0.205 0.148		-0.365 -0.199 0.157
-0.351 -0.205 0.148		-0.384 -0.228 0.140
-0.371 -0.217 0.029		-0.388 -0.200 0.018
-0.371 -0.217 0.029		-0.362 -0.242 0.034
-0.371 -0.217 0.029		-0.387 -0.213 0.069
-0.388 -0.200 0.018		-0.401 -0.201 0.007
-0.388 -0.200 0.018		-0.406 -0.196 0.060
-0.362 -0.242 0.034		-0.366 -0.258 0.028
-0.362 -0.242 0.034		-0.380 -0.238 0.075
-0.391 -0.156 0.142		-0.383 -0.179 0.155
-0.391 -0.156 0.142		-0.428 -0.183 0.132
-0.365 -0.199 0.157		-0.383 -0.179 0.155
-0.365 -0.199 0.157		-0.402 -0.225 0.147
-0.383 -0.179 0.155		-0.420 -0.206 0.143
-0.383 -0.193 0.117		-0.402 -0.174 0.113
-0.383 -0.193 0.117		-0.376 -0.216 0.129
-0.383 -0.193 0.117		-0.392 -0.205 0.100
-0.401 -0.201 0.007		-0.405 -0.216 0.002
-0.401 -0.201 0.007		-0.423 -0.198 0.053
-0.366 -0.258 0.028		-0.379 -0.259 0.018
-0.366 -0.258 0.028		-0.388 -0.255 0.073
-0.387 -0.213 0.069		-0.392 -0.205 0.100
-0.387 -0.213 0.069		-0.406 -0.196 0.060
-0.387 -0.213 0.069		-0.380 -0.238 0.075
-0.402 -0.174 0.113		-0.412 -0.187 0.094
-0.402 -0.174 0.113		-0.419 -0.171 0.120
-0.376 -0.216 0.129		-0.386 -0.230 0.109
-0.376 -0.216 0.129		-0.384 -0.228 0.140
-0.392 -0.205 0.100		-0.412 -0.187 0.094
-0.392 -0.205 0.100		-0.386 -0.230 0.109
-0.405 -0.216 0.002		-0.397 -0.241 0.007
-0.405 -0.216 0.002		-0.431 -0.214 0.051
-0.379 -0.259 0.018		-0.397 -0.241 0.007
-0.379 -0.259 0.018		-0.405 -0.257 0.067
-0.406 -0.196 0.060		-0.412 -0.187 0.094
-0.406 -0.196 0.060		-0.423 -0.198 0.053
-0.380 -0.238 0.075		-0.386 -0.230 0.109
-0.380 -0.238 0.075		-0.388 -0.255 0.073
-0.397 -0.241 0.007		-0.424 -0.240 0.057
-0.412 -0.187 0.094		-0.431 -0.187 0.094
-0.386 -0.230 0.109		-0.396 -0.244 0.114
-0.419 -0.171 0.120		-0.431 -0.187 0.094
-0.419 -0.171 0.120		-0.428 -0.183 0.132
-0.384 -0.228 0.140		-0.396 -0.244 0.114
-0.384 -0.228 0.140		-0.402 -0.225 0.147
-0.423 -0.198 0.053		-0.431 -0.187 0.094
-0.423 -0.198 0.053		-0.431 -0.214 0.051
-0.388 -0.255 0.073		-0.396 -0.244 0.114
-0.388 -0.255 0.073		-0.405 -0.257 0.067
-0.431 -0.187 0.094		-0.440 -0.202 0.099
-0.396 -0.244 0.114		-0.414 -0.245 0.115
-0.428 -0.183 0.132		-0.420 -0.206 0.143
-0.428 -0.183 0.132		-0.440 -0.202 0.099
-0.402 -0.225 0.147		-0.420 -0.206 0.143
-0.402 -0.225 0.147		-0.414 -0.245 0.115
-0.431 -0.214 0.051		-0.424 -0.240 0.057
-0.431 -0.214 0.051		-0.440 -0.202 0.099
-0.405 -0.257 0.067		-0.424 -0.240 0.057
-0.405 -0.257 0.067		-0.414 -0.245 0.115
-0.420 -0.206 0.143		-0.433 -0.227 0.108
-0.424 -0.240 0.057		-0.433 -0.227 0.108
-0.440 -0.202 0.099		-0.433 -0.227 0.108
-0.414 -0.245 0.115		-0.433 -0.227 0.108